NUISANCE_PARAMETERS
BRHyyd  0.0115857 +0.00474364 -0.00468196
ff_ey  0.178171 +0.821338 -0.801438
ff_jy  -0.112015 +0.962692 -0.955696
scf_syst  0.108455 +0.742129 -0.718367
gamma_stat_OneMuCRdavid_bin_0  1.00107 +0.0176541 -0.0174467
gamma_stat_OneMuCRdavid_bin_1  0.984852 +0.0166031 -0.0164153
gamma_stat_OneMuCRdavid_bin_2  1.00379 +0.0157408 -0.0155569
gamma_stat_OneMuCRdavid_bin_3  1.00118 +0.0218388 -0.0215222
gamma_stat_SRdavid_bin_0  0.999917 +0.0123179 -0.0122108
gamma_stat_SRdavid_bin_1  0.999045 +0.0115098 -0.0114373
gamma_stat_SRdavid_bin_2  1.02119 +0.0189138 -0.0186715
gamma_stat_SRdavid_bin_3  1.01751 +0.0244761 -0.024065
gamma_stat_TwoMuCR_1bin_bin_0  0.9758 +0.0293774 -0.0287706
kW  1.04901 +0.0296377 -0.0292199
kZ  1.09247 +0.0893627 -0.0872188


CORRELATION_MATRIX
15   15
0.0253104   0.128687   0.165996   0.0523594   0.079455   -0.381835   0.0904922   0.0326484   0.0650645   0.0535298   0.00257764   -0.198403   -0.390225   -0.168355   1   
-0.0241553   -0.034366   0.0137017   -0.00838035   -0.00928089   0.0475352   -0.182845   0.00484289   0.00711649   0.00789847   0.00759258   -0.65619   0.00214195   1   -0.168355   
-0.625712   -0.54411   -0.0183236   0.080201   -0.0975385   0.00718243   0.00161233   -0.017687   -0.0557335   -0.023868   0.0894982   0.00333005   1   0.00214195   -0.390225   
-0.00245566   -0.0335664   -0.0026819   0.00428836   0.0139003   0.0606878   -0.241494   0.00751575   0.00814077   0.00449401   0.00368324   1   0.00333005   -0.65619   -0.198403   
-0.0363474   -0.247074   -0.0156622   0.0226458   0.0207509   -0.00186858   0.000759772   0.0469761   0.0706081   0.0706646   1   0.00368324   0.0894982   0.00759258   0.00257764   
0.0511704   -0.242526   -0.0254012   0.0147902   0.0357634   -0.00324344   0.00154616   0.0628212   0.0984281   1   0.0706646   0.00449401   -0.023868   0.00789847   0.0535298   
0.0752728   -0.235492   -0.0278067   0.0120587   0.0390695   -0.00307272   -9.96407e-05   0.0658536   1   0.0984281   0.0706081   0.00814077   -0.0557335   0.00711649   0.0650645   
0.0387252   -0.161463   -0.0194304   0.00867066   0.0226351   -0.00139379   -0.0015895   1   0.0658536   0.0628212   0.0469761   0.00751575   -0.017687   0.00484289   0.0326484   
0.0168963   0.0139117   -0.00940687   0.00442462   0.0195881   0.0157295   1   -0.0015895   -9.96407e-05   0.00154616   0.000759772   -0.241494   0.00161233   -0.182845   0.0904922   
0.0091999   -0.00198047   -0.01068   -0.00622309   0.0355998   1   0.0157295   -0.00139379   -0.00307272   -0.00324344   -0.00186858   0.0606878   0.00718243   0.0475352   -0.381835   
-0.165628   -0.0187579   0.163401   0.0678755   1   0.0355998   0.0195881   0.0226351   0.0390695   0.0357634   0.0207509   0.0139003   -0.0975385   -0.00928089   0.079455   
-0.215372   -0.0749221   0.11636   1   0.0678755   -0.00622309   0.00442462   0.00867066   0.0120587   0.0147902   0.0226458   0.00428836   0.080201   -0.00838035   0.0523594   
-0.422159   0.11469   1   0.11636   0.163401   -0.01068   -0.00940687   -0.0194304   -0.0278067   -0.0254012   -0.0156622   -0.0026819   -0.0183236   0.0137017   0.165996   
0.193934   1   0.11469   -0.0749221   -0.0187579   -0.00198047   0.0139117   -0.161463   -0.235492   -0.242526   -0.247074   -0.0335664   -0.54411   -0.034366   0.128687   
1   0.193934   -0.422159   -0.215372   -0.165628   0.0091999   0.0168963   0.0387252   0.0752728   0.0511704   -0.0363474   -0.00245566   -0.625712   -0.0241553   0.0253104   


NLL
12553.44941

